# Created by Octave 8.2.0, Wed Oct 09 23:27:40 2024 GMT <unknown@LAPTOP-3GIMGDEN>
# name: E
# type: matrix
# rows: 100
# columns: 1
 1.1415926535897931
 0.31316552884360283
 0.080125194669074418
 0.020147501331740258
 0.0050441630438533558
 0.0012614966350397161
 0.00031540265701979209
 7.8852445491772727e-05
 1.9713222701334132e-05
 4.9283126331012284e-06
 1.2320785929276212e-06
 3.080196750993025e-07
 7.7004920218115558e-08
 1.9251229943506587e-08
 4.8128074858766468e-09
 1.2032019824914642e-09
 3.0080027357826111e-10
 7.5199846349960353e-11
 1.8799628520582701e-11
 4.6993520186333626e-12
 1.1741718708435656e-12
 2.9265478929119126e-13
 7.1942451995710144e-14
 1.6875389974302379e-14
 3.1086244689504383e-15
 4.4408920985006262e-16
 1.3322676295501878e-15
 1.7763568394002505e-15
 1.7763568394002505e-15
 1.7763568394002505e-15
 1.7763568394002505e-15
 1.7763568394002505e-15
 1.7763568394002505e-15
 1.7763568394002505e-15
 1.7763568394002505e-15
 1.7763568394002505e-15
 1.7763568394002505e-15
 1.7763568394002505e-15
 1.7763568394002505e-15
 1.7763568394002505e-15
 1.7763568394002505e-15
 1.7763568394002505e-15
 1.7763568394002505e-15
 1.7763568394002505e-15
 1.7763568394002505e-15
 1.7763568394002505e-15
 1.7763568394002505e-15
 1.7763568394002505e-15
 1.7763568394002505e-15
 1.7763568394002505e-15
 1.7763568394002505e-15
 1.7763568394002505e-15
 1.7763568394002505e-15
 1.7763568394002505e-15
 1.7763568394002505e-15
 1.7763568394002505e-15
 1.7763568394002505e-15
 1.7763568394002505e-15
 1.7763568394002505e-15
 1.7763568394002505e-15
 1.7763568394002505e-15
 1.7763568394002505e-15
 1.7763568394002505e-15
 1.7763568394002505e-15
 1.7763568394002505e-15
 1.7763568394002505e-15
 1.7763568394002505e-15
 1.7763568394002505e-15
 1.7763568394002505e-15
 1.7763568394002505e-15
 1.7763568394002505e-15
 1.7763568394002505e-15
 1.7763568394002505e-15
 1.7763568394002505e-15
 1.7763568394002505e-15
 1.7763568394002505e-15
 1.7763568394002505e-15
 1.7763568394002505e-15
 1.7763568394002505e-15
 1.7763568394002505e-15
 1.7763568394002505e-15
 1.7763568394002505e-15
 1.7763568394002505e-15
 1.7763568394002505e-15
 1.7763568394002505e-15
 1.7763568394002505e-15
 1.7763568394002505e-15
 1.7763568394002505e-15
 1.7763568394002505e-15
 1.7763568394002505e-15
 1.7763568394002505e-15
 1.7763568394002505e-15
 1.7763568394002505e-15
 1.7763568394002505e-15
 1.7763568394002505e-15
 1.7763568394002505e-15
 1.7763568394002505e-15
 1.7763568394002505e-15
 1.7763568394002505e-15
 1.7763568394002505e-15


# name: Y
# type: matrix
# rows: 101
# columns: 1
 2
 2.8284271247461903
 3.0614674589207187
 3.1214451522580529
 3.1365484905459398
 3.1403311569547534
 3.1412772509327733
 3.1415138011443013
 3.1415729403670918
 3.14158772527716
 3.1415914215112002
 3.141592345570118
 3.1415925765848729
 3.1415926343385632
 3.1415926487769856
 3.1415926523865911
 3.1415926532889928
 3.1415926535145933
 3.1415926535709935
 3.1415926535850938
 3.1415926535886189
 3.1415926535895005
 3.1415926535897212
 3.1415926535897762
 3.14159265358979
 3.1415926535897936
 3.1415926535897944
 3.1415926535897949
 3.1415926535897949
 3.1415926535897949
 3.1415926535897949
 3.1415926535897949
 3.1415926535897949
 3.1415926535897949
 3.1415926535897949
 3.1415926535897949
 3.1415926535897949
 3.1415926535897949
 3.1415926535897949
 3.1415926535897949
 3.1415926535897949
 3.1415926535897949
 3.1415926535897949
 3.1415926535897949
 3.1415926535897949
 3.1415926535897949
 3.1415926535897949
 3.1415926535897949
 3.1415926535897949
 3.1415926535897949
 3.1415926535897949
 3.1415926535897949
 3.1415926535897949
 3.1415926535897949
 3.1415926535897949
 3.1415926535897949
 3.1415926535897949
 3.1415926535897949
 3.1415926535897949
 3.1415926535897949
 3.1415926535897949
 3.1415926535897949
 3.1415926535897949
 3.1415926535897949
 3.1415926535897949
 3.1415926535897949
 3.1415926535897949
 3.1415926535897949
 3.1415926535897949
 3.1415926535897949
 3.1415926535897949
 3.1415926535897949
 3.1415926535897949
 3.1415926535897949
 3.1415926535897949
 3.1415926535897949
 3.1415926535897949
 3.1415926535897949
 3.1415926535897949
 3.1415926535897949
 3.1415926535897949
 3.1415926535897949
 3.1415926535897949
 3.1415926535897949
 3.1415926535897949
 3.1415926535897949
 3.1415926535897949
 3.1415926535897949
 3.1415926535897949
 3.1415926535897949
 3.1415926535897949
 3.1415926535897949
 3.1415926535897949
 3.1415926535897949
 3.1415926535897949
 3.1415926535897949
 3.1415926535897949
 3.1415926535897949
 3.1415926535897949
 3.1415926535897949
 3.1415926535897949


